004045049049065065
004060062063080080
004080082083100100
006039052043060050
006058064058080065
006078084078109085
007044048065050064
007059063080065080
007079083100085105
004045030035020020
004050020055025025
004060045050080080
004040035030020020
004045025050025025
004065080040045080
002040045040035035
002063060055050050
002083080075070070
000030056035025035
000055081060050070
002040060030031031
002065090065061061
004035060044040054
004060085069065079
008035055030050040
008060090055090080
003050075085020030
003075100110045055
004055047052040040
004070062067055055
004090082087075085
004046057040040040
004061072057055055
004081092077085075
000070045048060065
000095070073085090
006038041040050065
006073076075081100
000115045020045025
000140070045075050
002040045035030040
002075080070065075
004045050055075065
004060065070085075
004075080085100090
004035070055045055
004060095080060080
004060055050040055
004070065060090075
003010055025035045
003035080050050070
000040045035040040
000065070060065065
007050052048065050
007080082078095080
001040080035035045
001065105060060070
006055070045070050
006090110080100080
007040050040040040
007065065065050050
007090085095070090
009025020015105055
009040035030120070
009055050045135085
001070080050035035
001080100070050060
001090130080065085
004050075035070030
004065090050085045
004080105065100060
007040040035050100
007080070065080120
003040080100030030
003055095115045045
003080110130055065
006050085055065065
006065100070080080
007090065065040040
007095075110100080
008025035070095055
008050060095120070
002052065055058062
000035085045035035
000060110070060060
007065045055045070
007090070080070095
004080080050040050
004105105075065100
007030065100045025
007050095180085045
005030035030100035
005045050045115055
005060065060130075
003035045160030045
009060048045043090
009085073070073115
007030105090025025
007055130115050050
008040030050055055
008060050070080080
004060040080060045
004095095085125065
003050050095040050
003060080110050080
001050120053035110
001050105079035110
000090055075060075
004040065095060045
004065090120085070
003080085095030030
003105130120045045
000250005005035105
004065055115100040
000105095080040080
007030040070070025
007055065095095045
007055067060045050
007080092075075080
007030045055070055
007060075085100085
009040045065100120
004070110080055080
010065050035115095
008065083057095085
006065095057100085
004065125100055070
000075100095040070
007020010055015020
007095125079060100
007130085080085095
000048048048048048
000055055050045065
007130065060110095
008065065060110095
006065130060095110
000065060070085075
007035040100090055
007070060125115070
003030080090055045
003060115105065070
003080105065060075
000160110065065110
010090085100095125
008090090085125090
006090100090125085
011041064045050050
011061084065070070
011091134095100100
009106110090154090
009100100100100100