840094272769628
379492865479142
750646725573052
706401824325521
769399772262125
399130928205980
666411733381217
787759246562511
344802660541900
746993628146751
180468532284231
157710627300664
571688158863237
485275330945663
794972385642090
224397030768258
098367921334342
875350695996143
861779713509600
480517436647318
909068383885345
667230464342601
417033971741455
826433959275499
551491550442336
168159704021081
733116570833191
272681111119999
109932103877035
677772568470756
806223016993451
548159570118044
786650471516526
632715607565367
829707889151190
225842470441354
661370463316853
039946445527634
604257590886107
138680255356313
784889508290329
870607455679062
659370281855220
676397554735764
656531814188725
058521004189742
991454538799210
716313835903648
351994278882648
123375804220881
215704535958957
955182759449098
055705794409748
175933550132639
763581677121868
724550525803299
711779382940527
279031396847584
869086220660906
804239014375190
797707208019428
977378227280735
915829626627047
949672202279027
630028218795786
410910889202758
301992192939435
639223581619738
799860999582028
496931311527784
342803124574877
728582629942381
014571773087563
453025279924937
382006614663555
645457669678504
217628989546612
582610633282134
688200568932623
415585827368206
517664739138363
375936029064380
212295351335922
796332452412338
166367094973378
504598077190437
435654755149737
843344053480105
521131423201191
626862931131504
001157919364945
496346745434443
064911517635375
158519935117154
403745054643280
671739576193612
423638761978726
226841621081591
138641797643073
430244735818193
035700776022418
812378063692860
479070457991426
705426184081836
528564386231689
695029647880121
860266233332890
943808173292125
479749200004742
881019836994959
737041432477335
972283920110262
108298685115067
789969409900799
626500853969692
074793502490320
809328025558051
963779069771696
236036971537754
051535725627719
759839292818301
839879019008253
890382180642387
791625858635413
772273191075296
787762322057817
245195773345353
693574108623835
419953524500436
535562588187202
225134368278112
894790517742382
988844548115173
066312875701023
589657963542044
751802555853091
179533422083176
469029317946184
089858257770157
860891243880308
704723270164822
848343153589047
698641571736820
687918944632952
273929278649028
867369856684791
095174174556974
422146588537013
363807377108494
996529835816806
621893307184466
